PROCEDURE pal256; ASSEMBLER;
ASM
  DB  0, 0, 0, 0,10,41,12,28,18, 2,43,22,35,19, 9,58, 0, 0,57,35
  DB 12,43,43,47,24,24,28,20,24,60,10,60,15,31,47,63,62,56,20,60
  DB 56,22,63,61,36,63,63,63
  DB  0, 0, 0, 5, 5, 5, 8, 8, 8,11,11,11,14,14,14,17,17,17,20,20
  DB 20,24,24,24,28,28,28,32,32,32,36,36,36,40,40,40,45,45,45,50
  DB 50,50,56,56,56,63,63,63
  DB 13,12,15,15,16,22,17,20,29,19,24,36,21,28,43,23,31,50,25,34
  DB 57,26,42,63, 0,15, 2, 1,22, 4, 2,29, 6, 3,36, 8, 4,43,10, 5
  DB 50,12, 6,57,14,20,63,40
  DB 18, 6, 7,25,12,11,33,17,14,40,23,18,48,28,21,55,34,25,62,39
  DB 27,63,48,36,15, 3, 2,22, 6, 4,29, 9, 6,36,12, 8,43,15,10,50
  DB 18,12,57,21,14,63,28,20
  DB 15, 0, 0,22, 7, 0,29,15, 0,36,23, 0,43,31, 0,50,39, 0,57,47
  DB  0,63,55, 0,15, 5, 3,22,11, 7,29,17,11,36,23,15,43,29,19,50
  DB 35,23,57,41,27,63,53,34
  DB 28,14,12,33,20,14,38,26,16,43,32,18,48,38,20,53,44,22,58,50
  DB 24,63,56,30, 5, 5, 6,10,10,13,15,15,20,20,20,27,25,25,34,30
  DB 30,41,35,35,48,44,44,63
  DB  3, 6, 5, 5,11, 9, 7,16,13, 9,21,17,11,26,21,13,31,25,15,36
  DB 29,20,48,38, 6, 6, 7,13,13,15,20,20,23,27,27,31,34,34,39,41
  DB 41,47,48,48,55,57,57,63
  DB  6,15, 4,12,22, 8,18,29,12,24,36,16,30,43,20,36,50,24,42,57
  DB 28,54,63,35,15,10,10,22,16,16,29,21,21,36,27,27,43,32,32,50
  DB 38,38,57,43,43,63,54,54
  DB 15,15, 6,22,22,12,29,29,18,36,36,24,43,43,30,50,50,36,57,57
  DB 42,63,63,54, 2, 4,14, 6,12,21,10,20,28,14,28,35,18,36,42,22
  DB 44,49,26,52,56,36,63,63
  DB 18, 4,14,24, 8,21,31,12,28,37,16,35,44,20,42,50,24,49,57,28
  DB 56,63,38,63, 0, 0, 0, 0, 0, 0, 0, 0, 0, 0, 0, 0, 0, 0, 0, 0
  DB  0, 0, 0, 0, 0,53,44,22
  DB  9, 8,12,16,14,16,22,21,20,29,27,24,35,34,28,42,40,32,48,47
  DB 36,57,56,43, 8,12,16,14,16,22,21,20,29,27,24,35,34,28,42,40
  DB 32,48,47,36,57,56,43,63
  DB 13, 9,11,21,16,15,27,22,18,36,29,22,42,35,25,51,42,29,57,48
  DB 32,63,56,39, 6,14, 9,12,21,14,18,27,22,24,33,28,30,39,36,36
  DB 46,42,42,52,47,50,59,53
  DB  0, 0, 0, 0, 0, 0, 0, 0, 0, 0, 0, 0, 0, 0, 0, 0, 0, 0, 0, 0
  DB  0, 0, 0, 0, 0, 0, 0, 0, 0, 0, 0, 0, 0, 0, 0, 0, 0, 0, 0, 0
  DB  0, 0, 0, 0, 0, 0, 0, 0
  DB  0, 0, 0, 0, 0, 0, 0, 0, 0, 0, 0, 0, 0, 0, 0, 0, 0, 0, 0, 0
  DB  0, 0, 0, 0, 0, 0, 0, 0, 0, 0, 0, 0, 0, 0, 0, 0, 0, 0, 0, 0
  DB  0, 0, 0, 0, 0, 0, 0, 0
  DB  0, 0, 0, 0, 0, 0, 0, 0, 0, 0, 0, 0, 0, 0, 0, 0, 0, 0, 0, 0
  DB  0, 0, 0, 0, 0, 0, 0, 0, 0, 0, 0, 0, 0, 0, 0, 0, 0, 0, 0, 0
  DB  0, 0, 0, 0, 0, 0, 0, 0
  DB  0, 0, 0, 0, 0, 0, 0, 0, 0, 0, 0, 0, 0, 0, 0, 0, 0, 0, 0, 0
  DB  0, 0, 0, 0, 0, 0, 0, 0, 0, 0, 0, 0, 0, 0, 0, 0, 0, 0, 0, 0
  DB  0, 0, 0, 0, 0, 0, 0, 0
END;
